Both of the 3 program has been run from
100_000 to 1_000_000 (step of 100_000) and from
1_000_000 to 10_000_000 (step of 1_000_000) here are the tables :

No Sync :

+----------------------------------------+---------+---------+---------+---------+---------+---------+---------+---------+---------+----------+
| Number of thread \ Number of iteration | 1000000 | 2000000 | 3000000 | 4000000 | 5000000 | 6000000 | 7000000 | 8000000 | 9000000 | 10000000 |
+----------------------------------------+---------+---------+---------+---------+---------+---------+---------+---------+---------+----------+
| 1                                      | 0       | 0       | 8       | 0       | 0       | 0       | 0       | 1       | 0       | 1        |
+----------------------------------------+---------+---------+---------+---------+---------+---------+---------+---------+---------+----------+
| 2                                      | 0       | 1       | 12      | 0       | 0       | 1       | 1       | 1       | 0       | 1        |
+----------------------------------------+---------+---------+---------+---------+---------+---------+---------+---------+---------+----------+
| 4                                      | 3       | 1       | 1       | 11      | 1       | 1       | 1       | 1       | 1       | 2        |
+----------------------------------------+---------+---------+---------+---------+---------+---------+---------+---------+---------+----------+
| 8                                      | 1       | 2       | 1       | 2       | 12      | 2       | 2       | 1       | 2       | 3        |
+----------------------------------------+---------+---------+---------+---------+---------+---------+---------+---------+---------+----------+

Note : speedup is almost irrelevant for the no sync version

Sync :

+----------------------------------------+---------+---------+---------+---------+---------+---------+---------+---------+---------+----------+
| Number of thread \ Number of iteration | 1000000 | 2000000 | 3000000 | 4000000 | 5000000 | 6000000 | 7000000 | 8000000 | 9000000 | 10000000 |
+----------------------------------------+---------+---------+---------+---------+---------+---------+---------+---------+---------+----------+
| 1                                      | 4       | 14      | 13      | 28      | 16      | 39      | 49      | 53      | 31      | 67       |
+----------------------------------------+---------+---------+---------+---------+---------+---------+---------+---------+---------+----------+
| 2                                      | 9       | 20      | 30      | 37      | 50      | 58      | 66      | 80      | 89      | 87       |
+----------------------------------------+---------+---------+---------+---------+---------+---------+---------+---------+---------+----------+
| 4                                      | 18      | 52      | 42      | 61      | 132     | 159     | 190     | 206     | 256     | 256      |
+----------------------------------------+---------+---------+---------+---------+---------+---------+---------+---------+---------+----------+
| 8                                      | 43      | 105     | 140     | 170     | 190     | 292     | 252     | 380     | 454     | 414      |
+----------------------------------------+---------+---------+---------+---------+---------+---------+---------+---------+---------+----------+
|                                        |         |         |         |         |         |         |         |         |         |          |
+----------------------------------------+---------+---------+---------+---------+---------+---------+---------+---------+---------+----------+
| Speedup with 2                         | 0,44    | 0,70    | 0,43    | 0,76    | 0,32    | 0,67    | 0,74    | 0,66    | 0,35    | 0,77     |
+----------------------------------------+---------+---------+---------+---------+---------+---------+---------+---------+---------+----------+
| Speedup with 4                         | 0,22    | 0,27    | 0,31    | 0,46    | 0,12    | 0,25    | 0,26    | 0,26    | 0,12    | 0,26     |
+----------------------------------------+---------+---------+---------+---------+---------+---------+---------+---------+---------+----------+
| Speedup with 8                         | 0,09    | 0,13    | 0,09    | 0,16    | 0,08    | 0,13    | 0,19    | 0,14    | 0,07    | 0,16     |
+----------------------------------------+---------+---------+---------+---------+---------+---------+---------+---------+---------+----------+

Lock :

+----------------------------------------+---------+---------+---------+---------+---------+---------+---------+---------+---------+----------+
| Number of thread \ Number of iteration | 1000000 | 2000000 | 3000000 | 4000000 | 5000000 | 6000000 | 7000000 | 8000000 | 9000000 | 10000000 |
+----------------------------------------+---------+---------+---------+---------+---------+---------+---------+---------+---------+----------+
| 1                                      | 217     | 526     | 284     | 1231    | 1576    | 1569    | 1857    | 2225    | 2326    | 2714     |
+----------------------------------------+---------+---------+---------+---------+---------+---------+---------+---------+---------+----------+
| 2                                      | 167     | 288     | 322     | 469     | 833     | 892     | 1440    | 1312    | 1744    | 1500     |
+----------------------------------------+---------+---------+---------+---------+---------+---------+---------+---------+---------+----------+
| 4                                      | 303     | 664     | 746     | 732     | 1640    | 1970    | 2571    | 3023    | 3558    | 3134     |
+----------------------------------------+---------+---------+---------+---------+---------+---------+---------+---------+---------+----------+
| 8                                      | 610     | 953     | 1765    | 2304    | 2549    | 4012    | 2916    | 5365    | 6206    | 5622     |
+----------------------------------------+---------+---------+---------+---------+---------+---------+---------+---------+---------+----------+
|                                        |         |         |         |         |         |         |         |         |         |          |
+----------------------------------------+---------+---------+---------+---------+---------+---------+---------+---------+---------+----------+
| Speedup with 2                         | 1,30    | 1,83    | 0,88    | 2,62    | 1,89    | 1,76    | 1,29    | 1,70    | 1,33    | 1,81     |
+----------------------------------------+---------+---------+---------+---------+---------+---------+---------+---------+---------+----------+
| Speedup with 4                         | 0,72    | 0,79    | 0,38    | 1,68    | 0,96    | 0,80    | 0,72    | 0,74    | 0,65    | 0,87     |
+----------------------------------------+---------+---------+---------+---------+---------+---------+---------+---------+---------+----------+
| Speedup with 8                         | 0,36    | 0,55    | 0,16    | 0,53    | 0,62    | 0,39    | 0,64    | 0,41    | 0,37    | 0,48     |
+----------------------------------------+---------+---------+---------+---------+---------+---------+---------+---------+---------+----------+

Machine specification :

Kernel: x86_64 Linux 5.0.2-arch1-1-ARCH
CPU: Intel Core i7-4810MQ @ 8x 3.8GHz
RAM: 15646MiB